AAML (in paml version 4.10.7, June 2023)  tmp0001.txt
Model: Empirical_F,  (/data/scratch/btx126/anoxphoto/control_files/lg.dat) dGamma (ncatG=4) ns = 700  ls = 8152


Frequencies..
                                    A      R      N      D      C      Q      E      G      H      I      L      K      M      F      P      S      T      W      Y      V
B21_G17                        0.07048 0.06051 0.03060 0.04487 0.00636 0.02011 0.05793 0.07650 0.01857 0.11260 0.09954 0.07392 0.02441 0.04057 0.03851 0.04951 0.04659 0.00481 0.03834 0.08527
GCA_000005845                  0.09851 0.07392 0.03216 0.04784 0.00892 0.02892 0.05432 0.08365 0.01959 0.07135 0.09730 0.05622 0.02919 0.03432 0.03459 0.04392 0.05649 0.00595 0.02108 0.10176
GCA_000006805                  0.10540 0.07148 0.02597 0.07010 0.00719 0.03253 0.07489 0.08359 0.02219 0.05043 0.08623 0.03593 0.02307 0.03101 0.03984 0.04349 0.06178 0.00479 0.02143 0.10867
GCA_000007085                  0.08466 0.06199 0.03319 0.04621 0.00751 0.02467 0.06512 0.07827 0.01853 0.09205 0.09155 0.07552 0.02617 0.03519 0.03870 0.03895 0.05009 0.00488 0.02755 0.09919
GCA_000007185                  0.09357 0.08410 0.02152 0.04918 0.01021 0.02029 0.08718 0.07783 0.02250 0.07316 0.09382 0.05570 0.02373 0.03000 0.04377 0.03000 0.04709 0.00627 0.02521 0.10488
GCA_000007305                  0.09106 0.07097 0.02731 0.04044 0.00477 0.02409 0.07329 0.07779 0.01880 0.09493 0.09608 0.06981 0.02318 0.03581 0.04173 0.03375 0.04611 0.00670 0.02924 0.09415
GCA_000007345                  0.08989 0.06135 0.03280 0.04494 0.01059 0.02764 0.06380 0.08214 0.02092 0.08007 0.09273 0.06806 0.02854 0.03203 0.03900 0.04882 0.05411 0.00478 0.02441 0.09337
GCA_000008085                  0.07535 0.06284 0.03541 0.04219 0.00497 0.02095 0.06766 0.07309 0.01838 0.10488 0.10036 0.08454 0.01748 0.03752 0.04325 0.03662 0.04144 0.00829 0.04099 0.08379
GCA_000008265                  0.07310 0.06213 0.04101 0.05280 0.00672 0.02140 0.05678 0.07352 0.01769 0.10657 0.08847 0.07406 0.02949 0.03401 0.03566 0.06021 0.04622 0.00398 0.03497 0.08120
GCA_000008665                  0.09124 0.07278 0.02716 0.04523 0.00844 0.02215 0.07278 0.07793 0.01912 0.08544 0.08755 0.07252 0.02518 0.03573 0.03784 0.04035 0.04549 0.00580 0.02400 0.10324
GCA_000009365                  0.09646 0.07218 0.03073 0.05075 0.00930 0.03267 0.05514 0.08600 0.02118 0.06547 0.09904 0.05604 0.03035 0.03280 0.03590 0.04403 0.05462 0.00684 0.01976 0.10072
GCA_000010785                  0.07299 0.06498 0.02584 0.04366 0.00801 0.02609 0.06227 0.07686 0.01886 0.08397 0.10412 0.07725 0.02390 0.03746 0.04030 0.04767 0.04909 0.00685 0.02907 0.10076
GCA_000010985                  0.07078 0.05616 0.03783 0.04770 0.00962 0.02244 0.06167 0.07488 0.01654 0.09694 0.09437 0.08616 0.02359 0.03911 0.03706 0.04424 0.05039 0.00410 0.02923 0.09719
GCA_000011105                  0.09089 0.07294 0.02647 0.03976 0.00491 0.02440 0.07294 0.07772 0.01949 0.09502 0.09747 0.06855 0.02246 0.03576 0.04209 0.03331 0.04583 0.00671 0.03034 0.09295
GCA_000011125                  0.09821 0.08659 0.01946 0.04244 0.00522 0.02207 0.06595 0.07875 0.01815 0.07418 0.09847 0.05472 0.02547 0.02899 0.04244 0.03957 0.04597 0.00718 0.03226 0.11388
GCA_000011185                  0.07647 0.06096 0.03633 0.04980 0.00640 0.02436 0.06096 0.07566 0.01769 0.09824 0.08790 0.07538 0.02694 0.03388 0.03647 0.05239 0.05007 0.00395 0.03334 0.09280
GCA_000011245                  0.08462 0.06052 0.03771 0.04782 0.00518 0.03564 0.06376 0.07982 0.01970 0.08423 0.09330 0.06583 0.02786 0.03253 0.03577 0.04380 0.05754 0.00428 0.02656 0.09356
GCA_000011805                  0.09771 0.06871 0.03198 0.04594 0.01030 0.02832 0.05746 0.08470 0.02046 0.07494 0.09378 0.05963 0.03131 0.03456 0.03442 0.04404 0.05624 0.00596 0.02182 0.09771
GCA_000011905                  0.09557 0.06943 0.03331 0.04413 0.00942 0.03247 0.05552 0.07800 0.01968 0.07885 0.09909 0.06058 0.02881 0.03134 0.03682 0.04989 0.05467 0.00675 0.02642 0.08925
GCA_000012285                  0.07940 0.06120 0.03490 0.04200 0.00411 0.02281 0.06157 0.07254 0.01570 0.11180 0.09809 0.07130 0.02219 0.03191 0.03976 0.05085 0.04811 0.00474 0.03677 0.09024
GCA_000012345                  0.07156 0.04634 0.04361 0.04620 0.00900 0.02658 0.05534 0.07510 0.01731 0.10154 0.08900 0.09118 0.02467 0.03939 0.03394 0.06338 0.05438 0.00463 0.02562 0.08123
GCA_000012545                  0.07842 0.05314 0.03857 0.04876 0.01045 0.02799 0.06733 0.07597 0.02038 0.10164 0.08668 0.07210 0.02812 0.03070 0.03857 0.04927 0.05701 0.00387 0.02799 0.08306
GCA_000012685                  0.09980 0.07134 0.02629 0.04620 0.00944 0.02922 0.05564 0.08563 0.02029 0.06253 0.10426 0.06381 0.02425 0.03509 0.03790 0.04479 0.05130 0.00562 0.02004 0.10656
GCA_000012965                  0.08543 0.05234 0.04105 0.04278 0.00996 0.02272 0.05739 0.07533 0.01860 0.09326 0.09034 0.07706 0.02936 0.04158 0.03189 0.05872 0.05420 0.00465 0.02564 0.08768
GCA_000013405                  0.08590 0.06796 0.03143 0.04491 0.00982 0.02737 0.06089 0.08145 0.01820 0.08917 0.09598 0.06482 0.02907 0.03627 0.03562 0.05081 0.04792 0.00498 0.02344 0.09402
GCA_000013445                  0.08952 0.07354 0.02767 0.04937 0.01143 0.02988 0.05613 0.08302 0.02339 0.08757 0.08952 0.05561 0.02819 0.02845 0.03781 0.04703 0.05704 0.00468 0.02559 0.09458
GCA_000013725                  0.08660 0.06166 0.03353 0.05036 0.01032 0.02788 0.05994 0.08144 0.02174 0.08770 0.08697 0.06068 0.03059 0.03157 0.03636 0.05024 0.05491 0.00454 0.02604 0.09692
GCA_000014045                  0.11023 0.07043 0.03011 0.05027 0.00727 0.03381 0.05244 0.08599 0.01952 0.07043 0.09492 0.05499 0.03100 0.03164 0.03789 0.04427 0.05167 0.00676 0.01850 0.09786
GCA_000014265                  0.09334 0.06701 0.03272 0.04550 0.00952 0.03741 0.05501 0.08017 0.01734 0.08513 0.10338 0.05814 0.02281 0.03050 0.03689 0.04745 0.05592 0.00678 0.02594 0.08904
GCA_000014725                  0.08590 0.06828 0.03369 0.04480 0.00868 0.02821 0.06484 0.07939 0.01851 0.08960 0.09917 0.06624 0.02668 0.03421 0.03548 0.04850 0.04863 0.00459 0.02361 0.09100
GCA_000014825                  0.11054 0.07280 0.03086 0.04973 0.00803 0.03137 0.04909 0.08581 0.02066 0.07217 0.09614 0.05317 0.02627 0.03213 0.03698 0.04501 0.05266 0.00701 0.01785 0.10175
GCA_000014865                  0.09459 0.07216 0.03072 0.04513 0.01173 0.03404 0.05635 0.08159 0.02053 0.06948 0.10084 0.05699 0.02881 0.03200 0.03761 0.04577 0.05303 0.00586 0.02040 0.10237
GCA_000015145                  0.09832 0.08245 0.02304 0.04097 0.00563 0.02240 0.06644 0.07208 0.01920 0.08258 0.09666 0.05774 0.02484 0.02919 0.04545 0.03341 0.04788 0.00640 0.03431 0.11100
GCA_000015225                  0.09653 0.07592 0.02393 0.03856 0.00572 0.02154 0.06635 0.07685 0.01822 0.07565 0.10570 0.06289 0.02260 0.03603 0.04015 0.04162 0.04441 0.00532 0.02952 0.11249
GCA_000015645                  0.07707 0.06223 0.03813 0.04670 0.01157 0.03214 0.05542 0.07979 0.01634 0.08851 0.10526 0.07053 0.02056 0.03404 0.03568 0.06127 0.05215 0.00626 0.02247 0.08388
GCA_000015765                  0.09439 0.06720 0.03007 0.04785 0.01177 0.02889 0.05713 0.08446 0.02105 0.08616 0.08694 0.06105 0.03007 0.03164 0.03817 0.04197 0.05465 0.00445 0.02628 0.09583
GCA_000015805                  0.09708 0.07503 0.01996 0.04045 0.00548 0.02427 0.06002 0.07594 0.01892 0.07307 0.10360 0.06472 0.01918 0.03392 0.04436 0.03823 0.04410 0.00744 0.03536 0.11887
GCA_000015945                  0.08327 0.07198 0.02807 0.04284 0.00430 0.02216 0.06218 0.07454 0.02109 0.10502 0.09777 0.06822 0.02485 0.02914 0.04257 0.03747 0.04956 0.00564 0.03478 0.09455
GCA_000016525                  0.08090 0.05267 0.03638 0.05056 0.01051 0.02903 0.06475 0.08103 0.01773 0.09535 0.09102 0.07040 0.02916 0.03218 0.03874 0.05030 0.05070 0.00499 0.02640 0.08721
GCA_000016605                  0.08165 0.06217 0.03040 0.04504 0.00472 0.02345 0.06266 0.07520 0.01601 0.09033 0.09840 0.07234 0.02866 0.03251 0.03921 0.05087 0.04914 0.00521 0.03363 0.09840
GCA_000017165                  0.07984 0.05163 0.03533 0.04218 0.01074 0.02484 0.06768 0.07803 0.01889 0.09200 0.09097 0.08333 0.02704 0.03597 0.03791 0.05047 0.05047 0.00401 0.02653 0.09213
GCA_000017185                  0.07874 0.05343 0.03918 0.04529 0.01119 0.02213 0.06768 0.07811 0.01921 0.10406 0.08714 0.08116 0.02913 0.03384 0.03880 0.04605 0.04910 0.00394 0.02671 0.08510
GCA_000017565                  0.10964 0.07534 0.02881 0.05036 0.00790 0.03021 0.05099 0.08886 0.02014 0.06935 0.09663 0.05163 0.02881 0.03072 0.03774 0.04118 0.05278 0.00663 0.01925 0.10301
GCA_000017605                  0.07374 0.06131 0.03480 0.04474 0.00980 0.02789 0.05965 0.07595 0.01947 0.08754 0.09845 0.07664 0.02541 0.04073 0.03535 0.05592 0.05247 0.00525 0.02541 0.08948
GCA_000017645                  0.11518 0.07436 0.02908 0.04936 0.00791 0.02946 0.05242 0.08622 0.02105 0.06543 0.09528 0.05140 0.02577 0.03202 0.03801 0.04056 0.05357 0.00676 0.01760 0.10855
GCA_000017945                  0.09566 0.06988 0.02395 0.03819 0.00479 0.02284 0.06988 0.07540 0.01768 0.07221 0.10279 0.07049 0.02481 0.03095 0.04384 0.04040 0.04482 0.00688 0.03119 0.11335
GCA_000018305                  0.08905 0.07506 0.03068 0.04602 0.00462 0.02050 0.05457 0.07520 0.01737 0.08796 0.09719 0.05878 0.02837 0.03068 0.04031 0.04615 0.04629 0.00706 0.03529 0.10886
GCA_000018465                  0.08148 0.05310 0.03469 0.04591 0.01047 0.03027 0.05790 0.07808 0.01930 0.08855 0.09574 0.07240 0.02510 0.03481 0.03696 0.06017 0.05865 0.00492 0.02497 0.08653
GCA_000018565                  0.10004 0.07306 0.03289 0.04792 0.00542 0.03610 0.05076 0.07897 0.02168 0.07823 0.10028 0.05039 0.02747 0.02883 0.03868 0.04410 0.05692 0.00715 0.02255 0.09856
GCA_000018865                  0.10373 0.08341 0.02636 0.04410 0.00752 0.03795 0.05507 0.07996 0.02107 0.07626 0.10386 0.04472 0.02489 0.02895 0.04004 0.03721 0.05408 0.00727 0.02353 0.10004
GCA_000019605                  0.08413 0.07936 0.02505 0.04247 0.00463 0.02124 0.06752 0.07678 0.01797 0.09434 0.09801 0.06153 0.02614 0.03621 0.04206 0.05295 0.04043 0.00531 0.02927 0.09461
GCA_000019965                  0.10187 0.06711 0.02967 0.04801 0.01108 0.03298 0.05361 0.07984 0.02152 0.06915 0.10047 0.05794 0.02228 0.03795 0.03833 0.04317 0.05654 0.00828 0.02216 0.09805
GCA_000020145                  0.09338 0.05888 0.03450 0.04401 0.01219 0.02439 0.05651 0.08015 0.02201 0.08149 0.09532 0.07361 0.02454 0.03896 0.03762 0.05160 0.05011 0.00610 0.02439 0.09026
GCA_000020365                  0.08426 0.06467 0.03432 0.04815 0.01088 0.02305 0.05468 0.08196 0.01934 0.08144 0.09809 0.06723 0.02920 0.03790 0.03662 0.05417 0.05250 0.00487 0.02151 0.09515
GCA_000020465                  0.09313 0.06418 0.03196 0.04826 0.01040 0.03058 0.05728 0.07847 0.02018 0.08022 0.09413 0.06493 0.03021 0.03723 0.03397 0.05465 0.04663 0.00476 0.02507 0.09376
GCA_000020625                  0.09080 0.06082 0.02998 0.05132 0.01049 0.03096 0.05625 0.07920 0.02023 0.08167 0.09363 0.06625 0.03257 0.03676 0.03405 0.05317 0.04885 0.00506 0.02467 0.09326
GCA_000020645                  0.09287 0.06245 0.03054 0.04862 0.00985 0.03166 0.05460 0.07916 0.02019 0.08128 0.09798 0.06569 0.02929 0.03702 0.03490 0.05423 0.04687 0.00486 0.02468 0.09324
GCA_000020905                  0.08489 0.06756 0.03116 0.04070 0.00416 0.02122 0.06447 0.07441 0.01988 0.09456 0.09966 0.06474 0.02727 0.02982 0.04338 0.03868 0.04849 0.00591 0.03519 0.10383
GCA_000020945                  0.08419 0.06602 0.02793 0.04437 0.00815 0.02820 0.05813 0.08005 0.01684 0.07096 0.10651 0.06321 0.02459 0.04009 0.04036 0.04798 0.04985 0.00695 0.03047 0.10517
GCA_000020985                  0.07591 0.05818 0.03185 0.04238 0.01053 0.02504 0.06460 0.07629 0.01862 0.10339 0.09594 0.08169 0.02582 0.03686 0.03827 0.04701 0.04893 0.00527 0.02594 0.08746
GCA_000021645                  0.07415 0.06373 0.03261 0.04141 0.00677 0.02558 0.06928 0.07754 0.01664 0.10176 0.10731 0.07429 0.01935 0.03721 0.04032 0.04290 0.04628 0.00785 0.02936 0.08566
GCA_000021685                  0.10269 0.09152 0.02184 0.04503 0.00638 0.03435 0.05999 0.08024 0.02368 0.07337 0.10821 0.03975 0.02184 0.02920 0.04147 0.02920 0.05594 0.00736 0.02380 0.10416
GCA_000021885                  0.09812 0.06879 0.03284 0.04514 0.00892 0.03271 0.05528 0.08096 0.01919 0.07704 0.09718 0.05893 0.02622 0.03500 0.03365 0.04676 0.05636 0.00554 0.02203 0.09934
GCA_000021905                  0.09411 0.06548 0.03030 0.04892 0.01040 0.02696 0.05418 0.08358 0.01939 0.07344 0.09770 0.06561 0.03274 0.03377 0.03787 0.04455 0.05328 0.00514 0.02183 0.10078
GCA_000021965                  0.09111 0.07031 0.02716 0.04887 0.01105 0.03366 0.05641 0.08487 0.02119 0.08175 0.09215 0.05810 0.02859 0.02950 0.03873 0.04263 0.05810 0.00481 0.02352 0.09748
GCA_000022145                  0.11046 0.07653 0.02385 0.04617 0.00816 0.02538 0.05829 0.08610 0.02003 0.05842 0.10446 0.06008 0.02321 0.03087 0.03941 0.03941 0.05128 0.00574 0.02028 0.11186
GCA_000022205                  0.10151 0.07092 0.02483 0.06618 0.00691 0.03059 0.07975 0.08397 0.02163 0.05581 0.08577 0.04032 0.02227 0.03200 0.03994 0.04711 0.06055 0.00525 0.02138 0.10330
GCA_000023205                  0.11111 0.07832 0.02649 0.05209 0.00441 0.02951 0.05499 0.08551 0.02194 0.05751 0.09799 0.04603 0.02459 0.02989 0.03821 0.04061 0.06205 0.00744 0.01955 0.11174
GCA_000023325                  0.08106 0.06252 0.02966 0.04411 0.00601 0.02238 0.06419 0.07697 0.01752 0.09232 0.10165 0.07825 0.02327 0.03695 0.03593 0.04948 0.05063 0.00614 0.02762 0.09334
GCA_000023905                  0.07618 0.05260 0.03985 0.04473 0.00461 0.02738 0.06669 0.07984 0.01667 0.09625 0.09557 0.08282 0.02494 0.03741 0.03335 0.04636 0.05436 0.00447 0.02643 0.08947
GCA_000023985                  0.08067 0.06199 0.03013 0.04270 0.01270 0.02303 0.07208 0.07668 0.01768 0.10108 0.09112 0.08453 0.02378 0.03286 0.03934 0.03486 0.04618 0.00398 0.03112 0.09349
GCA_000024125                  0.08589 0.06223 0.03334 0.04837 0.00771 0.03072 0.05504 0.08066 0.01974 0.08106 0.09648 0.06798 0.02719 0.03804 0.03438 0.05373 0.05569 0.00523 0.02536 0.09112
GCA_000024465                  0.10978 0.07072 0.02974 0.05042 0.00932 0.02936 0.05119 0.08629 0.02208 0.07212 0.09612 0.05144 0.03076 0.03178 0.03689 0.04876 0.05336 0.00587 0.01876 0.09523
GCA_000024805                  0.09995 0.08148 0.02557 0.05127 0.01059 0.02789 0.05269 0.08729 0.02169 0.06495 0.10085 0.05346 0.02570 0.03448 0.03771 0.04662 0.04933 0.00504 0.02027 0.10318
GCA_000024905                  0.09127 0.08221 0.02323 0.04595 0.01123 0.02744 0.05770 0.08693 0.02055 0.05885 0.10620 0.05285 0.03089 0.03255 0.03983 0.04672 0.04315 0.00779 0.02221 0.11246
GCA_000025205                  0.10240 0.07093 0.02880 0.05453 0.00587 0.03053 0.05200 0.08173 0.02520 0.07093 0.09507 0.05227 0.02640 0.03147 0.03720 0.04720 0.06000 0.00773 0.02187 0.09787
GCA_000025265                  0.11163 0.08449 0.02382 0.04912 0.00725 0.03046 0.06128 0.08302 0.02407 0.06251 0.10131 0.04372 0.02112 0.03168 0.03672 0.04531 0.05735 0.00626 0.01867 0.10021
GCA_000025285                  0.08327 0.06961 0.02693 0.04606 0.01080 0.02186 0.07299 0.07806 0.01795 0.09042 0.09147 0.07715 0.02134 0.03435 0.04007 0.03448 0.04658 0.00507 0.02628 0.10526
GCA_000025325                  0.09524 0.06848 0.02765 0.06426 0.00691 0.03354 0.08436 0.08244 0.02304 0.05978 0.08487 0.04160 0.02368 0.02995 0.04032 0.04480 0.05876 0.00499 0.02368 0.10164
GCA_000025485                  0.10253 0.08019 0.02854 0.04791 0.00904 0.02996 0.05695 0.08497 0.02118 0.06379 0.10473 0.04959 0.02776 0.03125 0.03887 0.04223 0.05424 0.00568 0.02144 0.09917
GCA_000025505                  0.09054 0.06544 0.02587 0.04380 0.00794 0.02049 0.07607 0.07914 0.01844 0.09118 0.09092 0.07735 0.02343 0.03688 0.03995 0.03522 0.04431 0.00499 0.02638 0.10168
GCA_000025625                  0.09665 0.06772 0.02906 0.06400 0.00666 0.03379 0.08167 0.08090 0.02291 0.05965 0.08615 0.04160 0.02381 0.03085 0.04019 0.04583 0.05978 0.00499 0.02266 0.10113
GCA_000025665                  0.08543 0.06465 0.02989 0.04489 0.00680 0.02155 0.06670 0.07927 0.02014 0.09864 0.09338 0.07863 0.02835 0.03386 0.03925 0.03964 0.04387 0.00552 0.02963 0.08992
GCA_000025685                  0.09798 0.07226 0.02573 0.06318 0.00656 0.03140 0.07743 0.08386 0.02257 0.05763 0.08789 0.04426 0.02358 0.03153 0.03934 0.04754 0.05738 0.00504 0.02156 0.10328
GCA_000026045                  0.09896 0.07044 0.02676 0.06678 0.00770 0.03143 0.08205 0.08331 0.02146 0.05668 0.08824 0.03976 0.02146 0.03030 0.04002 0.04166 0.06185 0.00530 0.02196 0.10389
GCA_000058485                  0.11272 0.08195 0.02314 0.05287 0.00711 0.02572 0.05016 0.08764 0.02185 0.05765 0.09928 0.04292 0.02029 0.02689 0.03981 0.04266 0.06412 0.00646 0.01965 0.11711
GCA_000063445                  0.09266 0.06606 0.03354 0.04803 0.01009 0.02874 0.06077 0.08031 0.01828 0.08560 0.08737 0.06404 0.02925 0.03152 0.03807 0.04488 0.05535 0.00441 0.02723 0.09380
GCA_000089865                  0.07945 0.05132 0.04755 0.04577 0.00693 0.03309 0.05350 0.07212 0.01803 0.09867 0.09412 0.08025 0.02140 0.03685 0.03170 0.05984 0.05152 0.00040 0.02893 0.08857
GCA_000091565                  0.09866 0.07433 0.03054 0.04717 0.00960 0.03081 0.05379 0.08380 0.01919 0.06933 0.09799 0.05460 0.02946 0.03487 0.03419 0.04528 0.05758 0.00581 0.02122 0.10177
GCA_000092125                  0.10597 0.07773 0.02456 0.04052 0.00454 0.03389 0.06324 0.08251 0.02001 0.06348 0.10830 0.05206 0.02124 0.03401 0.04113 0.04175 0.05219 0.00749 0.02419 0.10118
GCA_000092185                  0.08376 0.06402 0.02753 0.04090 0.00480 0.02052 0.06363 0.07622 0.01948 0.08700 0.10310 0.06960 0.02376 0.03233 0.04181 0.04558 0.04818 0.00662 0.03311 0.10804
GCA_000092205                  0.09263 0.07512 0.03181 0.04817 0.01227 0.03232 0.05366 0.08113 0.01980 0.06899 0.10694 0.05737 0.02811 0.03577 0.03910 0.04574 0.04970 0.00549 0.02006 0.09582
GCA_000092305                  0.07686 0.06461 0.03037 0.04336 0.01200 0.02149 0.07236 0.07561 0.01750 0.10222 0.09348 0.08635 0.02324 0.03612 0.03962 0.03737 0.04449 0.00425 0.03037 0.08835
GCA_000092645                  0.10752 0.08383 0.02320 0.04996 0.00822 0.03069 0.05659 0.08212 0.02185 0.06579 0.09856 0.04812 0.02136 0.03032 0.04026 0.03866 0.05708 0.00724 0.01939 0.10924
GCA_000143145                  0.10955 0.07157 0.02855 0.05219 0.00762 0.02829 0.05180 0.08655 0.02157 0.06950 0.09676 0.05839 0.02545 0.03165 0.03759 0.04173 0.05413 0.00607 0.01821 0.10283
GCA_000143165                  0.09571 0.07315 0.02912 0.04662 0.00793 0.03240 0.05537 0.08039 0.01941 0.07137 0.10118 0.05701 0.02680 0.03035 0.03815 0.05045 0.05455 0.00711 0.02297 0.09995
GCA_000144645                  0.08759 0.06575 0.03109 0.04577 0.00938 0.02541 0.06403 0.07772 0.01900 0.08685 0.09820 0.07069 0.02344 0.03356 0.03861 0.03911 0.05453 0.00592 0.02529 0.09808
GCA_000145275                  0.08326 0.05462 0.03986 0.04743 0.01034 0.02447 0.06509 0.07607 0.01653 0.08969 0.09360 0.07784 0.02523 0.03356 0.03293 0.04907 0.05298 0.00492 0.02674 0.09575
GCA_000145295                  0.08766 0.07000 0.02693 0.04739 0.00978 0.02579 0.07178 0.07991 0.02084 0.08512 0.09135 0.06263 0.03062 0.03176 0.04091 0.04320 0.04968 0.00483 0.02389 0.09592
GCA_000146065                  0.08663 0.05599 0.03647 0.04488 0.00976 0.02847 0.05409 0.07579 0.02088 0.09680 0.09897 0.07497 0.02739 0.03620 0.03633 0.04596 0.05260 0.00502 0.02969 0.08311
GCA_000148385                  0.08734 0.07315 0.02889 0.04542 0.00417 0.01965 0.05844 0.07406 0.01640 0.09241 0.09775 0.06209 0.02876 0.03202 0.04178 0.04035 0.04764 0.00729 0.03410 0.10829
GCA_000151105                  0.09115 0.06952 0.02717 0.04068 0.00502 0.02498 0.07249 0.07867 0.01957 0.09437 0.09733 0.07146 0.02240 0.03566 0.04133 0.03270 0.04558 0.00644 0.02961 0.09386
GCA_000152805                  0.10840 0.06977 0.03023 0.05103 0.00724 0.03127 0.05581 0.08695 0.01990 0.06731 0.09483 0.05646 0.02946 0.03243 0.03850 0.04315 0.05233 0.00685 0.01809 0.10000
GCA_000153105                  0.09043 0.07406 0.03006 0.04951 0.01476 0.03717 0.05877 0.07997 0.02107 0.07084 0.09540 0.05474 0.02858 0.03220 0.03650 0.04562 0.05286 0.00657 0.02361 0.09728
GCA_000153765                  0.09885 0.07541 0.02853 0.04835 0.01152 0.02960 0.05277 0.08679 0.02237 0.06978 0.09845 0.05090 0.03188 0.03228 0.03777 0.04969 0.04983 0.00656 0.02130 0.09737
GCA_000154225                  0.10900 0.07954 0.02541 0.05229 0.00540 0.02995 0.05769 0.08555 0.02074 0.06591 0.09697 0.04443 0.02209 0.03032 0.03707 0.04431 0.06051 0.00724 0.01964 0.10593
GCA_000154485                  0.08027 0.05401 0.04151 0.04751 0.01013 0.02813 0.05964 0.08027 0.01863 0.08740 0.08877 0.07289 0.02901 0.03301 0.03388 0.04714 0.05601 0.00425 0.02938 0.09815
GCA_000166095                  0.07907 0.06060 0.03087 0.04415 0.00924 0.02252 0.07098 0.07718 0.01872 0.10020 0.08983 0.08730 0.02720 0.03163 0.04238 0.04175 0.04732 0.00481 0.02783 0.08641
GCA_000167195                  0.09374 0.06851 0.03451 0.04602 0.00994 0.03726 0.05805 0.08145 0.01791 0.08158 0.10328 0.05491 0.02249 0.02928 0.03831 0.04680 0.05622 0.00654 0.02445 0.08877
GCA_000170735                  0.08064 0.04904 0.04188 0.04680 0.00775 0.02266 0.06648 0.06961 0.01789 0.10001 0.08973 0.09420 0.02370 0.04442 0.03443 0.04263 0.04725 0.00507 0.02877 0.08705
GCA_000170835                  0.09322 0.07276 0.03159 0.04885 0.00908 0.03402 0.05499 0.08465 0.02110 0.06662 0.09463 0.05396 0.03005 0.03286 0.03683 0.04821 0.05550 0.00614 0.02161 0.10332
GCA_000172635                  0.09590 0.06757 0.03419 0.04822 0.00926 0.02942 0.05599 0.08446 0.02002 0.07247 0.09495 0.06198 0.02874 0.03256 0.03433 0.04686 0.05544 0.00572 0.02248 0.09944
GCA_000172995                  0.09525 0.07093 0.02753 0.06580 0.00743 0.03380 0.07656 0.08309 0.02240 0.05646 0.08718 0.04468 0.02420 0.03073 0.03943 0.04673 0.05736 0.00512 0.02240 0.10293
GCA_000175255                  0.10528 0.07416 0.02813 0.05030 0.00661 0.03267 0.05108 0.08609 0.02010 0.07987 0.09789 0.05355 0.02399 0.03345 0.03928 0.04953 0.05173 0.00674 0.01906 0.09050
GCA_000177375                  0.08702 0.05499 0.03758 0.04679 0.00883 0.03065 0.06117 0.07920 0.01892 0.07819 0.09093 0.06899 0.03254 0.03405 0.03241 0.04931 0.05675 0.00555 0.03191 0.09421
GCA_000178975                  0.09897 0.06836 0.02653 0.04668 0.00829 0.03163 0.05433 0.08111 0.02143 0.07512 0.10037 0.05650 0.02857 0.03456 0.03686 0.04961 0.05879 0.00599 0.02270 0.09361
GCA_000179635                  0.08751 0.05648 0.03525 0.04899 0.01429 0.02559 0.05716 0.08356 0.01960 0.08329 0.08642 0.07267 0.03280 0.03538 0.03606 0.04464 0.05484 0.00504 0.02708 0.09336
GCA_000183405                  0.07100 0.05296 0.03711 0.04871 0.00928 0.02306 0.06017 0.07731 0.01662 0.09896 0.09251 0.08311 0.02513 0.03969 0.03634 0.04948 0.05102 0.00412 0.02860 0.09483
GCA_000184705                  0.10936 0.09781 0.02002 0.04762 0.00616 0.02965 0.06097 0.08625 0.02054 0.05776 0.10897 0.03992 0.01977 0.02772 0.04338 0.02952 0.05121 0.00809 0.02092 0.11436
GCA_000185385                  0.08605 0.05568 0.03647 0.05088 0.00986 0.02427 0.05879 0.07852 0.01817 0.08787 0.08877 0.07320 0.02972 0.03608 0.03439 0.04776 0.05633 0.00389 0.02700 0.09630
GCA_000185805                  0.08895 0.06532 0.02943 0.04325 0.00775 0.02492 0.06713 0.07798 0.01717 0.07514 0.09618 0.07836 0.02195 0.03834 0.03963 0.03653 0.04983 0.00658 0.02659 0.10896
GCA_000186345                  0.09660 0.08193 0.02775 0.04916 0.01216 0.03317 0.05683 0.07876 0.02128 0.06409 0.10585 0.05339 0.02339 0.03436 0.03832 0.04229 0.05630 0.00700 0.01996 0.09740
GCA_000187225                  0.09472 0.06856 0.02848 0.06482 0.00747 0.03144 0.07784 0.08247 0.02320 0.06134 0.08660 0.04420 0.02358 0.03157 0.03930 0.04948 0.05786 0.00503 0.02191 0.10013
GCA_000193375                  0.09761 0.08032 0.02159 0.04304 0.00603 0.02400 0.06168 0.07482 0.01891 0.07656 0.10204 0.05994 0.02105 0.03044 0.04398 0.04331 0.04197 0.00724 0.03433 0.11116
GCA_000194625                  0.09229 0.07153 0.02512 0.04681 0.00886 0.02142 0.07047 0.07788 0.01904 0.08780 0.08753 0.07233 0.02512 0.03636 0.03914 0.03980 0.04919 0.00555 0.02433 0.09943
GCA_000195275                  0.08561 0.05456 0.03739 0.04703 0.01453 0.03052 0.05655 0.07544 0.01876 0.08482 0.08865 0.07597 0.02682 0.03858 0.03488 0.05205 0.05562 0.00568 0.02444 0.09209
GCA_000195295                  0.09194 0.07220 0.02818 0.04714 0.00805 0.03454 0.05428 0.08064 0.01935 0.07804 0.11349 0.05882 0.02558 0.03558 0.04103 0.04181 0.04869 0.00506 0.02285 0.09272
GCA_000195915                  0.07832 0.06600 0.03505 0.05258 0.00644 0.02383 0.05956 0.07517 0.01835 0.09736 0.08462 0.07148 0.02889 0.03574 0.03629 0.05381 0.05066 0.00411 0.03067 0.09106
GCA_000196135                  0.08955 0.05709 0.03260 0.04058 0.00954 0.02520 0.06008 0.07588 0.01936 0.08571 0.10165 0.07489 0.02620 0.04015 0.03346 0.06165 0.04755 0.00456 0.02520 0.08912
GCA_000196655                  0.08055 0.05737 0.03989 0.05446 0.00912 0.02824 0.06168 0.07877 0.01900 0.08713 0.08321 0.06788 0.02938 0.02926 0.03787 0.05648 0.05712 0.00443 0.02660 0.09157
GCA_000196895                  0.10013 0.07427 0.02585 0.05902 0.00744 0.03203 0.08172 0.08613 0.02182 0.05788 0.08663 0.04061 0.02245 0.03102 0.03846 0.04565 0.05864 0.00492 0.02219 0.10315
GCA_000200715                  0.09536 0.07023 0.02603 0.04575 0.01031 0.02732 0.05515 0.08982 0.02075 0.07719 0.09356 0.05644 0.02719 0.03299 0.03711 0.05696 0.05438 0.00490 0.02500 0.09356
GCA_000202835                  0.12137 0.08185 0.02805 0.04768 0.00880 0.02881 0.04972 0.08542 0.01951 0.06629 0.10505 0.04577 0.02626 0.03302 0.03825 0.04156 0.05189 0.00701 0.01619 0.09753
GCA_000204155                  0.10871 0.08038 0.02410 0.05243 0.00758 0.02994 0.05355 0.08461 0.02162 0.06050 0.09914 0.04783 0.02124 0.02932 0.03938 0.04050 0.06200 0.00745 0.01888 0.11082
GCA_000204415                  0.09582 0.06977 0.03237 0.04875 0.00812 0.02915 0.05842 0.08228 0.02089 0.07815 0.09492 0.05868 0.03056 0.03005 0.03933 0.04901 0.04978 0.00477 0.02489 0.09427
GCA_000208385                  0.08784 0.06781 0.03104 0.04678 0.01016 0.03033 0.05293 0.08054 0.01917 0.08011 0.09614 0.06366 0.02604 0.03734 0.03505 0.05293 0.05479 0.00515 0.02589 0.09628
GCA_000210915                  0.07957 0.05404 0.03985 0.04688 0.01107 0.02852 0.05456 0.08113 0.01953 0.08022 0.09611 0.07683 0.02552 0.04024 0.03347 0.05170 0.05652 0.00625 0.02539 0.09259
GCA_000212375                  0.08619 0.06583 0.03503 0.04957 0.01018 0.03609 0.05288 0.07667 0.02155 0.08592 0.09888 0.05724 0.02644 0.03463 0.03556 0.05050 0.05420 0.00502 0.02855 0.08909
GCA_000213215                  0.08275 0.05674 0.03335 0.04306 0.00548 0.02265 0.06670 0.07155 0.01543 0.10279 0.09507 0.07765 0.02663 0.03385 0.03920 0.04679 0.04816 0.00510 0.03547 0.09159
GCA_000213785                  0.07479 0.05373 0.03446 0.04748 0.00830 0.02374 0.06037 0.07352 0.01659 0.09662 0.09930 0.08309 0.02591 0.03842 0.03548 0.05258 0.04863 0.00574 0.03038 0.09087
GCA_000214175                  0.10808 0.07824 0.02641 0.05318 0.00823 0.03046 0.05404 0.08401 0.02125 0.06301 0.09715 0.04729 0.02186 0.03083 0.03930 0.04176 0.05957 0.00712 0.01953 0.10870
GCA_000214415                  0.08201 0.05877 0.03295 0.04291 0.01242 0.02115 0.07365 0.07488 0.01820 0.10058 0.08963 0.08545 0.02582 0.03308 0.03984 0.03603 0.04525 0.00418 0.02939 0.09382
GCA_000214725                  0.08348 0.05536 0.03224 0.04970 0.01027 0.02659 0.06563 0.08117 0.01991 0.09376 0.08528 0.07706 0.03057 0.03352 0.03930 0.04559 0.05048 0.00437 0.02504 0.09068
GCA_000217715                  0.09425 0.06841 0.02739 0.06481 0.00669 0.03305 0.08641 0.08229 0.02225 0.05696 0.08641 0.04153 0.02315 0.03047 0.04063 0.04333 0.05928 0.00514 0.02289 0.10467
GCA_000217995                  0.08553 0.06305 0.03682 0.04910 0.01008 0.02868 0.06266 0.07894 0.02261 0.09341 0.08527 0.06589 0.02997 0.03101 0.03643 0.05271 0.05401 0.00478 0.02506 0.08398
GCA_000220175                  0.08189 0.05243 0.03420 0.04519 0.01098 0.03071 0.05368 0.07852 0.01972 0.09687 0.09662 0.07477 0.02459 0.03820 0.03545 0.05967 0.05642 0.00512 0.02497 0.08001
GCA_000220355                  0.08379 0.07316 0.02854 0.05723 0.00592 0.03673 0.08713 0.08500 0.02171 0.05616 0.08379 0.04797 0.02459 0.02808 0.03840 0.05981 0.05480 0.00395 0.02474 0.09851
GCA_000220525                  0.08492 0.05256 0.03724 0.04794 0.00753 0.03183 0.05375 0.07765 0.01704 0.08624 0.09588 0.07581 0.02615 0.03777 0.03236 0.05362 0.05890 0.00475 0.02787 0.09020
GCA_000223395                  0.09946 0.08111 0.02182 0.04184 0.00642 0.02207 0.06520 0.07623 0.02002 0.07880 0.10382 0.05685 0.02554 0.03029 0.04543 0.03131 0.04505 0.00693 0.03157 0.11024
GCA_000225345                  0.08675 0.05617 0.03762 0.04849 0.01049 0.02764 0.06384 0.08073 0.01842 0.08227 0.09097 0.07037 0.03019 0.03211 0.03467 0.04299 0.05553 0.00397 0.02955 0.09724
GCA_000226975                  0.09490 0.06995 0.02649 0.06571 0.00656 0.03266 0.08679 0.08178 0.02237 0.05786 0.08551 0.04179 0.02315 0.03073 0.04102 0.04320 0.05722 0.00501 0.02327 0.10402
GCA_000227705                  0.09416 0.07183 0.02858 0.04644 0.00740 0.02883 0.06290 0.08229 0.02029 0.07910 0.09582 0.06098 0.02628 0.03202 0.03700 0.04070 0.05499 0.00561 0.02297 0.10181
GCA_000230715                  0.09473 0.06848 0.02688 0.06426 0.00691 0.03328 0.08730 0.08269 0.02317 0.05901 0.08551 0.04096 0.02304 0.03136 0.04007 0.04339 0.05914 0.00499 0.02215 0.10266
GCA_000230735                  0.09639 0.06776 0.02723 0.06650 0.00633 0.03281 0.08562 0.08195 0.02242 0.06016 0.08676 0.04117 0.02343 0.03002 0.03939 0.04459 0.05801 0.00519 0.02280 0.10146
GCA_000234805                  0.10065 0.07797 0.02086 0.04133 0.00535 0.02399 0.05932 0.07666 0.01825 0.07210 0.10248 0.06063 0.01799 0.03272 0.04524 0.03872 0.04407 0.00782 0.03664 0.11721
GCA_000235685                  0.09369 0.08261 0.02626 0.04526 0.01227 0.03246 0.05806 0.08485 0.02204 0.08089 0.08907 0.05015 0.02745 0.03127 0.04038 0.04342 0.05490 0.00488 0.02270 0.09739
GCA_000236665                  0.10629 0.07069 0.03024 0.04772 0.00919 0.02909 0.05359 0.08651 0.01965 0.06367 0.10029 0.05665 0.02743 0.03369 0.03700 0.04415 0.05270 0.00600 0.02003 0.10540
GCA_000237865                  0.09924 0.07139 0.02863 0.06132 0.00628 0.03530 0.07558 0.08342 0.02079 0.06485 0.08669 0.03779 0.02197 0.02942 0.03962 0.04733 0.06538 0.00471 0.02197 0.09833
GCA_000239275                  0.09449 0.06262 0.03339 0.04752 0.01108 0.02812 0.05763 0.08174 0.02078 0.07745 0.09532 0.06553 0.02854 0.03131 0.03491 0.04406 0.05583 0.00471 0.02563 0.09933
GCA_000246735                  0.09444 0.07699 0.03197 0.04898 0.01041 0.03138 0.05558 0.08711 0.02552 0.07024 0.09664 0.04913 0.03153 0.02977 0.03564 0.04869 0.06013 0.00733 0.02170 0.08682
GCA_000246985                  0.09056 0.06763 0.02641 0.04148 0.00438 0.02589 0.07368 0.07935 0.01932 0.09210 0.09661 0.07162 0.02280 0.03658 0.04161 0.03375 0.04740 0.00618 0.02821 0.09442
GCA_000247995                  0.11103 0.07887 0.02514 0.05322 0.00613 0.02910 0.05360 0.08512 0.02208 0.05743 0.09826 0.04581 0.02565 0.02731 0.03790 0.04428 0.06087 0.00676 0.01953 0.11192
GCA_000255115                  0.09050 0.06523 0.02808 0.04455 0.00842 0.02847 0.06395 0.08221 0.02119 0.07659 0.10620 0.06127 0.02885 0.02974 0.03689 0.04787 0.05400 0.00498 0.02285 0.09816
GCA_000258405                  0.07797 0.05628 0.03793 0.04599 0.00707 0.02864 0.05628 0.07463 0.01711 0.09830 0.09495 0.07934 0.02231 0.03880 0.03496 0.05417 0.05281 0.00496 0.02876 0.08876
GCA_000258425                  0.07698 0.05923 0.03303 0.04147 0.00509 0.02434 0.06382 0.07388 0.01664 0.10752 0.09734 0.07810 0.02297 0.03489 0.03961 0.05438 0.04507 0.00534 0.03179 0.08853
GCA_000260115                  0.08227 0.05355 0.03808 0.04731 0.00780 0.02872 0.05485 0.07889 0.01911 0.08435 0.09436 0.07655 0.02651 0.03977 0.03288 0.05602 0.05693 0.00494 0.02651 0.09059
GCA_000264495                  0.08771 0.06713 0.02456 0.04244 0.00399 0.02045 0.06263 0.07806 0.01839 0.07600 0.10378 0.06700 0.02251 0.03241 0.04167 0.04128 0.04874 0.00656 0.03356 0.12114
GCA_000266925                  0.08801 0.07105 0.02742 0.04745 0.01071 0.02615 0.05969 0.08036 0.02092 0.08240 0.10574 0.06173 0.02768 0.03163 0.03878 0.04260 0.04439 0.00778 0.02474 0.10077
GCA_000269985                  0.10944 0.07602 0.02547 0.04919 0.00745 0.02870 0.05689 0.08571 0.02186 0.05975 0.10037 0.05155 0.02199 0.02981 0.03776 0.04236 0.05888 0.00708 0.01988 0.10981
GCA_000270285                  0.10114 0.06810 0.03227 0.05165 0.01339 0.02653 0.05637 0.08290 0.01875 0.07333 0.09093 0.05701 0.02653 0.03010 0.03711 0.04158 0.05867 0.00561 0.02321 0.10483
GCA_000270325                  0.09402 0.07102 0.02528 0.03731 0.00802 0.02474 0.06192 0.07784 0.01752 0.07383 0.10726 0.06259 0.02314 0.03196 0.04026 0.04922 0.04882 0.00602 0.03023 0.10900
GCA_000281175                  0.09849 0.08252 0.02759 0.04489 0.00753 0.03710 0.05968 0.07961 0.01835 0.07631 0.10100 0.04740 0.02469 0.03037 0.03895 0.04172 0.05453 0.00607 0.02377 0.09942
GCA_000283575                  0.09766 0.06444 0.03242 0.04969 0.01369 0.02950 0.05660 0.08424 0.01913 0.07574 0.09088 0.06059 0.03149 0.03388 0.03734 0.04225 0.05448 0.00558 0.02471 0.09567
GCA_000283595                  0.07667 0.05064 0.04300 0.04484 0.00934 0.02801 0.05121 0.07512 0.02179 0.10313 0.09662 0.07936 0.02320 0.03763 0.03112 0.06309 0.05163 0.00481 0.02546 0.08332
GCA_000284115                  0.10649 0.07709 0.02901 0.04861 0.01163 0.02979 0.05488 0.08480 0.02169 0.05488 0.10218 0.04952 0.02274 0.03358 0.03855 0.04495 0.05749 0.00679 0.01855 0.10676
GCA_000284315                  0.08081 0.06293 0.02744 0.04450 0.00778 0.02880 0.05651 0.08067 0.02129 0.08272 0.11070 0.06661 0.02634 0.03726 0.03931 0.06047 0.05187 0.00519 0.01802 0.09077
GCA_000284335                  0.07003 0.05705 0.03554 0.04275 0.00630 0.02203 0.06702 0.07397 0.01613 0.09889 0.10321 0.07856 0.01889 0.04643 0.03790 0.05167 0.05233 0.00367 0.02820 0.08944
GCA_000286435                  0.09883 0.07242 0.03188 0.04735 0.00934 0.03067 0.05375 0.08309 0.01907 0.07415 0.09696 0.05655 0.02894 0.03428 0.03401 0.04601 0.05775 0.00587 0.02081 0.09829
GCA_000300255                  0.08843 0.06428 0.03194 0.05488 0.01221 0.02751 0.05435 0.08360 0.01744 0.08454 0.08629 0.06495 0.03261 0.03261 0.03838 0.04777 0.05462 0.00443 0.02536 0.09380
GCA_000303155                  0.09583 0.06532 0.03114 0.04393 0.01025 0.02684 0.05520 0.07824 0.01912 0.08039 0.09254 0.06532 0.02722 0.03633 0.03722 0.05507 0.05191 0.00506 0.02545 0.09761
GCA_000306725                  0.09083 0.06462 0.03249 0.04788 0.00935 0.02929 0.05895 0.08185 0.02142 0.08578 0.08800 0.06043 0.03114 0.03298 0.03680 0.05108 0.05452 0.00443 0.02486 0.09329
GCA_000306765                  0.09585 0.07012 0.02636 0.06256 0.00668 0.03178 0.07756 0.08437 0.02245 0.06142 0.08677 0.04477 0.02409 0.03153 0.03910 0.04919 0.05688 0.00504 0.02207 0.10140
GCA_000308215                  0.09087 0.06896 0.02858 0.04935 0.00974 0.02743 0.06152 0.08331 0.01807 0.07434 0.09113 0.06524 0.03089 0.03127 0.03999 0.04819 0.05473 0.00500 0.02166 0.09972
GCA_000317285                  0.10131 0.07326 0.03312 0.04481 0.00857 0.03910 0.05741 0.07832 0.01831 0.07663 0.10365 0.04988 0.02247 0.02935 0.03806 0.04481 0.05650 0.00636 0.02468 0.09339
GCA_000317575                  0.09530 0.06942 0.03248 0.04462 0.00876 0.04125 0.05648 0.08033 0.01752 0.08155 0.10487 0.05311 0.02170 0.02831 0.03666 0.04798 0.05755 0.00687 0.02534 0.08990
GCA_000317615                  0.09219 0.07338 0.03353 0.04419 0.00855 0.04090 0.05984 0.08009 0.01894 0.07549 0.10271 0.05076 0.02275 0.02933 0.03827 0.04879 0.05826 0.00618 0.02420 0.09166
GCA_000317795                  0.07488 0.05761 0.03555 0.04399 0.00517 0.02294 0.06088 0.07500 0.01487 0.11080 0.09744 0.07626 0.02231 0.03404 0.03883 0.05307 0.04992 0.00592 0.03530 0.08521
GCA_000321415                  0.10713 0.08583 0.02704 0.04693 0.00905 0.03201 0.05369 0.08736 0.02410 0.05828 0.10471 0.04323 0.02563 0.03188 0.03762 0.04285 0.04999 0.00612 0.01977 0.10675
GCA_000327485                  0.09515 0.07071 0.02821 0.04719 0.01196 0.03016 0.05667 0.08293 0.02145 0.07968 0.08930 0.06109 0.03055 0.03380 0.03757 0.04446 0.05680 0.00429 0.02314 0.09489
GCA_000328525                  0.10177 0.07360 0.02586 0.06618 0.00717 0.03200 0.07885 0.08257 0.02304 0.05863 0.08705 0.03738 0.02279 0.03034 0.03994 0.04224 0.06196 0.00486 0.02151 0.10228
GCA_000328665                  0.08896 0.06136 0.03312 0.04685 0.00976 0.02927 0.06123 0.08203 0.02285 0.08549 0.08947 0.06431 0.03107 0.03068 0.03748 0.05019 0.05481 0.00424 0.02362 0.09320
GCA_000328685                  0.09521 0.07024 0.02673 0.06456 0.00744 0.03241 0.08726 0.08121 0.02194 0.05813 0.08739 0.04124 0.02257 0.02938 0.03960 0.04388 0.05839 0.00492 0.02257 0.10492
GCA_000332315                  0.10131 0.07456 0.03104 0.04819 0.00961 0.04325 0.05105 0.08183 0.01922 0.07014 0.11001 0.04481 0.02208 0.02754 0.03780 0.04299 0.05923 0.00753 0.02442 0.09339
GCA_000334895                  0.10539 0.07773 0.02510 0.06428 0.00692 0.03073 0.07965 0.08695 0.02305 0.05225 0.08990 0.03445 0.02049 0.02945 0.04059 0.04200 0.06224 0.00474 0.02087 0.10321
GCA_000337035                  0.10399 0.07193 0.02487 0.06668 0.00705 0.02988 0.07886 0.08475 0.02154 0.05437 0.08616 0.03988 0.02167 0.03154 0.04001 0.04590 0.05988 0.00526 0.02141 0.10437
GCA_000337235                  0.09665 0.06810 0.02829 0.06260 0.00704 0.03418 0.08244 0.08295 0.02240 0.06055 0.08615 0.04263 0.02355 0.03008 0.03981 0.04672 0.05773 0.00486 0.02343 0.09985
GCA_000337455                  0.09744 0.07308 0.02577 0.06923 0.00705 0.03179 0.08013 0.08436 0.02218 0.05423 0.08692 0.03731 0.02269 0.03038 0.03885 0.04410 0.06192 0.00500 0.02218 0.10538
GCA_000337915                  0.10074 0.07130 0.02458 0.06708 0.00691 0.03008 0.08013 0.08474 0.02189 0.05568 0.08564 0.04058 0.02215 0.03187 0.03981 0.04698 0.05978 0.00525 0.02138 0.10343
GCA_000341545                  0.08335 0.06679 0.03391 0.04673 0.01100 0.03404 0.05436 0.08245 0.02006 0.07598 0.10018 0.06420 0.02718 0.03430 0.03637 0.05087 0.05268 0.00582 0.02317 0.09656
GCA_000346485                  0.09671 0.07188 0.03315 0.04459 0.00910 0.03900 0.05771 0.08007 0.01911 0.07734 0.10516 0.04992 0.02262 0.02886 0.03796 0.04654 0.05693 0.00676 0.02405 0.09255
GCA_000350305                  0.08722 0.06568 0.03101 0.05444 0.01354 0.02952 0.05363 0.08369 0.01733 0.08207 0.08356 0.06406 0.03277 0.03277 0.03873 0.04618 0.05688 0.00474 0.02533 0.09683
GCA_000350525                  0.10808 0.07259 0.02739 0.05171 0.00418 0.03218 0.05527 0.08659 0.02137 0.06583 0.09580 0.04876 0.02137 0.03181 0.03734 0.04606 0.06092 0.00688 0.01941 0.10648
GCA_000371785                  0.10145 0.08018 0.02818 0.05085 0.00820 0.03253 0.05546 0.08544 0.02216 0.05329 0.09914 0.04662 0.02331 0.02985 0.03830 0.04893 0.06084 0.00769 0.01960 0.10798
GCA_000378105                  0.10140 0.06158 0.03188 0.05006 0.01280 0.03073 0.05710 0.07835 0.02100 0.07617 0.09179 0.06593 0.02612 0.03559 0.03393 0.04788 0.05761 0.00602 0.02164 0.09243
GCA_000379665                  0.08192 0.05827 0.03805 0.04572 0.01031 0.02907 0.05682 0.07730 0.01863 0.08932 0.09501 0.07043 0.02894 0.03898 0.03449 0.05048 0.05299 0.00449 0.02497 0.09382
GCA_000379725                  0.07990 0.05369 0.03786 0.04635 0.00975 0.03039 0.05394 0.07699 0.01912 0.09117 0.09358 0.07357 0.02748 0.03774 0.03305 0.05622 0.05458 0.00481 0.02710 0.09269
GCA_000382425                  0.08161 0.05440 0.03988 0.04661 0.00753 0.03130 0.05572 0.07896 0.01783 0.08662 0.09560 0.07580 0.02667 0.03843 0.03235 0.05203 0.05625 0.00502 0.02707 0.09032
